a=2.666;
b=3.567;
res=a*b